{
 "cells": [
  {
   "cell_type": "code",
   "execution_count": 78,
   "metadata": {
    "collapsed": true
   },
   "outputs": [],
   "source": [
    "import pandas as pd\n",
    "import glob\n",
    "import numpy as np\n",
    "import matplotlib.pyplot as plt\n",
    "from cvxpy import *"
   ]
  },
  {
   "cell_type": "code",
   "execution_count": 79,
   "metadata": {
    "collapsed": true
   },
   "outputs": [],
   "source": [
    "risk_free_rate = pd.read_csv(r'C:\\Users\\Administrator\\Desktop\\ORIE 5370\\Project\\DGS3MO_daily.csv', index_col=0, header=0)\n",
    "risk_free_rate = np.array(risk_free_rate)\n",
    "Price = pd.read_csv(r'C:\\Users\\Administrator\\Desktop\\ORIE 5370\\Project\\price_com_mat.csv', index_col=0, header=0)\n",
    "Price = np.mat(Price)\n",
    "nc = Price.shape[1]"
   ]
  },
  {
   "cell_type": "code",
   "execution_count": 80,
   "metadata": {},
   "outputs": [],
   "source": [
    "Super = pd.read_csv(r'C:\\Users\\Administrator\\Desktop\\ORIE 5370\\Project\\super_big_data.csv', index_col=0, header=0)\n",
    "#Super = np.mat(Super)\n",
    "Returns = np.mat(Super.iloc[:,range(120,120+30,1)])\n",
    "Variance = np.mat(Super.iloc[:,range(0,0+nc*3,3)])\n",
    "Skewness = np.mat(Super.iloc[:,range(1,1+nc*3,3)])\n",
    "Kurtosis = np.mat(Super.iloc[:,range(2,2+nc*3,3)])"
   ]
  },
  {
   "cell_type": "code",
   "execution_count": 81,
   "metadata": {
    "collapsed": true
   },
   "outputs": [],
   "source": [
    "random_signal = np.random.uniform(20,100,1255*30)\n",
    "random_signal = random_signal.reshape([1255,30])\n",
    "random_signal = pd.DataFrame(random_signal,columns=range(1,31,1),index=range(1,1256,1))\n",
    "random_signal = np.mat(random_signal)\n",
    "#random_signal(can be replaced by any signal)"
   ]
  },
  {
   "cell_type": "code",
   "execution_count": 82,
   "metadata": {
    "collapsed": true
   },
   "outputs": [],
   "source": [
    "def ranking(signal_matrix):\n",
    "    rank_matrix = np.zeros(signal_matrix.shape)\n",
    "    rank_matrix = np.mat(rank_matrix)\n",
    "    #rank_matrix\n",
    "    nc = signal_matrix.size/len(signal_matrix)\n",
    "    for i in range(len(signal_matrix)):\n",
    "        data_list = np.matrix.tolist(signal_matrix[i,:])[0]\n",
    "        element_list = np.matrix.tolist(signal_matrix[i,:])[0]\n",
    "        element_list.sort()  # list the signal values of each date from small to large\n",
    "        #rankindex = [0]*nc   \n",
    "        rank_index=range(30)\n",
    "        r=1  # rank 1 has the smallest signal value\n",
    "        while(len(element_list)!=0):        \n",
    "            for j in range(nc):\n",
    "                if(min(element_list)==data_list[j]):\n",
    "                    rank_matrix[i,j] = r\n",
    "                    del element_list[0]\n",
    "                    r=r+1\n",
    "                    break\n",
    "    return rank_matrix\n",
    "    ###########  end   ##########           "
   ]
  },
  {
   "cell_type": "code",
   "execution_count": 83,
   "metadata": {},
   "outputs": [
    {
     "name": "stdout",
     "output_type": "stream",
     "text": [
      "float64\n"
     ]
    }
   ],
   "source": [
    "#########  PRECONDITION: number_of_colmns%number_of_groups==0 \n",
    "def ngroupranking(signal_matrix,number_of_groups):\n",
    "    rank_matrix = np.zeros(signal_matrix.shape)\n",
    "    grouprank_matrix = np.zeros(signal_matrix.shape)\n",
    "    print rank_matrix.dtype\n",
    "    rank_matrix = np.mat(rank_matrix)\n",
    "    grouprank_matrix = np.mat(grouprank_matrix)\n",
    "    #rank_matrix\n",
    "    nc = signal_matrix.size/len(signal_matrix)\n",
    "    distance = nc/number_of_groups\n",
    "    for i in range(len(signal_matrix)):\n",
    "        data_list = np.matrix.tolist(signal_matrix[i,:])[0]\n",
    "        element_list = np.matrix.tolist(signal_matrix[i,:])[0]\n",
    "        element_list.sort()  # list the signal values of each date from small to large\n",
    "        #rankindex = [0]*nc   \n",
    "        rank_index=range(30)\n",
    "        r=1  # rank 1 has the smallest signal value\n",
    "        while(len(element_list)!=0):        \n",
    "            for j in range(nc):\n",
    "                if(min(element_list)==data_list[j]):\n",
    "                    rank_matrix[i,j] = r\n",
    "                    grouprank_matrix[i,j] = float(int(r-1)/int(distance)+1)\n",
    "                    del element_list[0]\n",
    "                    r=r+1\n",
    "                    break\n",
    "    return rank_matrix,grouprank_matrix\n",
    "    ###########  end   ##########        \n",
    "test = ngroupranking(Skewness,3)[1]\n",
    "for i in range(1000):\n",
    "    for j in range(20):\n",
    "        if (test[i,j]!=1.0 and test[i,j]!=2.0 and test[i,j]!=3.0):\n",
    "            print i,j,test[i,j]"
   ]
  },
  {
   "cell_type": "code",
   "execution_count": null,
   "metadata": {},
   "outputs": [],
   "source": []
  },
  {
   "cell_type": "code",
   "execution_count": 84,
   "metadata": {},
   "outputs": [
    {
     "name": "stdout",
     "output_type": "stream",
     "text": [
      "float64\n"
     ]
    }
   ],
   "source": [
    "def investor_view(Signal,Returns,trade_date,signal_sample_frequency,number_of_signal_samples,rate_of_signal_decay):\n",
    "    #signal: the larger value, the better\n",
    "\n",
    "    S = Signal # the Signal matrix, each row refer to a date and each column refers to an asset\n",
    "    R = Returns\n",
    "    t_d = trade_date # the date you trade, 0,1,2...\n",
    "    s_f = signal_sample_frequency #num\n",
    "    n_s = number_of_signal_samples #num\n",
    "    r_d = rate_of_signal_decay #num\n",
    " \n",
    "    s_d = t_d-1-np.arange(n_s)*s_f #reverse chronological\n",
    "    #s_d = t_d-np.arange(n_s+1)*s_f #### We can take the ideal case where we can trade near the close, \n",
    "                                   #### we no longer need to minus 1\n",
    "    s_d = s_d[::-1] #chronological    \n",
    "    #sample dates, a row vector\n",
    "\n",
    "    S_S = S[s_d,:] #Sample Signals, a matrix\n",
    "    S_R = R[s_d,:] #Sample Returns\n",
    "\n",
    "    #now it ’s time to construct the weight\n",
    "    w = (1.0-float(r_d))**np.arange(n_s)\n",
    "    w = w[::-1]\n",
    "    w = w/sum(w)\n",
    "    wt = np.transpose([w])  #weights, a non-negative vector that sums to 1\n",
    "    mean_c_r = S_S.T*wt  #mean vector of compound returns\n",
    "    #print mean_c_r.T\n",
    "    view_rank = ngroupranking(mean_c_r.T,3)[1].T\n",
    "    #print ngroupranking(mean_c_r.T,3)[1].dtype\n",
    "    #print mean_c_r.dtype\n",
    "    #print view_rank.dtype\n",
    "    #print view_rank\n",
    "    view_rank = view_rank%3\n",
    "    view_rank = view_rank%2\n",
    "    ###########    View on the skewness    ########\n",
    "    skewness_small = view_rank.T\n",
    "    ####\n",
    "    var_skewness = np.var(S_S)# the var of \n",
    "    A = skewness_small\n",
    "    Omega = np.mat(var_skewness)\n",
    "    b_skewness = np.sum(S_R*A.T)\n",
    "    b = np.mat(b_skewness)\n",
    "    return A,Omega,b\n",
    "atest = investor_view(Skewness,Returns,120,1,5,0)[0]"
   ]
  },
  {
   "cell_type": "code",
   "execution_count": 85,
   "metadata": {
    "collapsed": true
   },
   "outputs": [],
   "source": [
    "#Calculate mu and V\n",
    "##### PRECONDITION: sample_frequency*number_of_samples < trade_date  \n",
    "def adapted_stats(Price,trade_date,horizon,sample_frequency,number_of_samples,rate_of_decay):  \n",
    "    h = horizon # \n",
    "    P = Price # the Price matrix, each row refer to a date and each column refers to an asset\n",
    "    t_d = trade_date # the date you trade, 0,1,2...\n",
    "    s_f = sample_frequency #num\n",
    "    n_s = number_of_samples #num\n",
    "    r_d = rate_of_decay #num\n",
    "\n",
    "    s_d = t_d-1-np.arange(n_s+1)*s_f #reverse chronological   \n",
    "    s_d = t_d-np.arange(n_s+1)*s_f #### We can take the ideal case where we can trade near the close, \n",
    "                                   #### we no longer need to minus 1\n",
    "    s_d = s_d[::-1] #chronological    \n",
    "    #sample dates, a row vector\n",
    "\n",
    "    S_P = P[s_d,:] #Sample Prices, a matrix\n",
    "    \n",
    "\n",
    "    S_C_R = np.log(S_P[1:,:]/S_P[:-1,:]) #Sample Compound Returns, a matrix\n",
    "    #now it ’s time to construct the weight\n",
    "    w = (1.0-float(r_d))**np.arange(1,n_s+1)\n",
    "    w = w[::-1]\n",
    "    w = w/sum(w)\n",
    "    wt = np.transpose([w])  #weights, a non-negative vector that sums to 1\n",
    "    mean_c_r = S_C_R.T*wt  #mean vector of compound returns\n",
    "    Cov_C_R = (S_C_R.T*np.diag(w)*S_C_R)-mean_c_r*np.transpose([mean_c_r])\n",
    "    #covariance matrix of compound returns\n",
    "\n",
    "    adapted_mean_c_r = mean_c_r*(float(h)/float(s_f))\n",
    "    #adapting mean vector to reflect length of holding period\n",
    "    \n",
    "    Adapted_Cov_C_R = Cov_C_R*(float(h)/float(s_f))\n",
    "    #adapting covariance matrix to length of holding period\n",
    "\n",
    "    muu = np.exp(adapted_mean_c_r + 0.5*np.mat(np.diag(Adapted_Cov_C_R)).T)\n",
    "    mu = muu - 1\n",
    "    #resulting mean vector of ARITHMETIC returns\n",
    "    \n",
    "    V = np.multiply((muu*np.transpose([muu.T])),(np.exp(Adapted_Cov_C_R)-1))\n",
    "    #resulting covariance matrix of ARITHMETIC returns   \n",
    "    \n",
    "    return mu,V"
   ]
  },
  {
   "cell_type": "code",
   "execution_count": 86,
   "metadata": {},
   "outputs": [
    {
     "data": {
      "text/plain": [
       "dtype('float32')"
      ]
     },
     "execution_count": 86,
     "metadata": {},
     "output_type": "execute_result"
    }
   ],
   "source": [
    "a = np.random.uniform(0,1,10000)\n",
    "b = np.random.uniform(0,1,10000)\n",
    "a = a.reshape([100,100])\n",
    "b = b.reshape([100,100])\n",
    "np.linalg.inv(a)\n",
    "np.linalg.inv(np.linalg.inv(a)+np.linalg.inv(b))\n",
    "a.dtype\n",
    "a.dtype='float32'\n",
    "a.dtype"
   ]
  },
  {
   "cell_type": "code",
   "execution_count": 87,
   "metadata": {
    "collapsed": true
   },
   "outputs": [],
   "source": [
    "def blacklitterman(mu0,mu,V,sigma,xx0,xx,trans_cost,A,Omega,b):\n",
    "    n = len(mu)\n",
    "    print b\n",
    "    print \"Omega.shape:\",Omega.shape\n",
    "    print \"Omegainv\",np.linalg.inv(Omega)\n",
    "    print \"V.shape:\",V.shape\n",
    "    print \"Vinv\",np.linalg.inv(V)\n",
    "    print Omega.dtype\n",
    "    print V.dtype\n",
    "    print A.dtype\n",
    "    #print (A.T*np.linalg.inv(Omega)*A+np.linalg.inv(V)).shape\n",
    "    middle = np.mat(A.T*Omega.I*A+V.I)\n",
    "    print middle.dtype\n",
    "    #middle.dtype = 'float32'\n",
    "    print middle.shape\n",
    "    #print np.linalg.det(middle)\n",
    "    #print np.linalg.det(A.T*np.linalg.inv(Omega)*A+np.linalg.inv(V))\n",
    "    #print \n",
    "    W = middle.I\n",
    "    \n",
    "    BL_mu = W*(A.T*np.linalg.inv(Omega)*b+np.linalg.inv(V)*mu) \n",
    "    \n",
    "    U = np.linalg.cholesky(W)\n",
    "\n",
    "    x0 = Variable(1)\n",
    "    x = Variable(n)\n",
    "    y = Variable(n)\n",
    "    total_trans_cost = Variable(1)\n",
    "        \n",
    "    objective = Maximize(mu0*x0+BL_mu.T*x)\n",
    "    constraints = [norm(U*x)<=sigma,\n",
    "                   x0+sum_entries(x)+total_trans_cost==1,\n",
    "                   x==xx+y,\n",
    "                   trans_cost*sum_entries(abs(y))<=total_trans_cost,\n",
    "                   x0>=0,\n",
    "                   max_entries(abs(x-1.0/(n+1)))<=0.02,\n",
    "                   #0.05<=x,\n",
    "                   #x<=0.2,\n",
    "                   #x[1]+x[4]<=x[5]+x[6]+x[8],\n",
    "                   #sum_smallest(x,4)>=-1.25\n",
    "                   ]\n",
    "    prob = Problem(objective, constraints)\n",
    "    result = prob.solve()\n",
    "    prob.solve()  # Returns the optimal value.\n",
    "    return x0.value,x.value"
   ]
  },
  {
   "cell_type": "code",
   "execution_count": 88,
   "metadata": {
    "collapsed": true
   },
   "outputs": [],
   "source": [
    "def rebalance_benchmark(benchmark_x0,benchmark_x,trans_cost):\n",
    "    n = np.size(benchmark_x)\n",
    "    z = Variable(1)\n",
    "    objective = Maximize(z)\n",
    "    constraints = [(n+1)*z <= benchmark_x0+sum_entries(benchmark_x)-trans_cost*sum_entries(abs(z-benchmark_x))]\n",
    "    prob = Problem(objective, constraints)\n",
    "    result = prob.solve(solver=ECOS)\n",
    "    prob.solve()\n",
    "    return z.value"
   ]
  },
  {
   "cell_type": "code",
   "execution_count": 89,
   "metadata": {},
   "outputs": [
    {
     "name": "stdout",
     "output_type": "stream",
     "text": [
      "float64\n",
      "[[ 0.03489947]]\n",
      "Omega.shape: (1L, 1L)\n",
      "Omegainv [[ 1.07983768]]\n",
      "V.shape: (30L, 30L)\n",
      "Vinv [[  1.90032116e+06   3.56898046e+05  -5.82898916e+05  -4.41691784e+05\n",
      "   -1.04931984e+06  -7.41043793e+05   4.67469959e+05  -4.85178095e+03\n",
      "   -6.31951944e+04  -2.95748960e+05   9.89879118e+05  -1.41614542e+06\n",
      "   -1.19815717e+05   8.69700001e+05  -3.64859113e+05   7.98590240e+05\n",
      "   -1.09985812e+06   7.13026645e+05  -6.21660077e+04   4.40339791e+05\n",
      "   -2.88678269e+05  -1.24835127e+06   3.96958444e+05   3.22310412e+06\n",
      "   -3.25838018e+05   2.42416936e+06   3.36026584e+05   4.81942144e+04\n",
      "    2.17553456e+05   2.06881131e+06]\n",
      " [  3.56898046e+05   6.17438043e+07  -5.80449417e+05   2.21635486e+06\n",
      "    6.11667019e+06   4.71228154e+06  -1.05767295e+07   6.97633895e+05\n",
      "   -2.42384153e+07  -1.01780032e+07  -9.00952441e+06   1.83445361e+06\n",
      "   -5.65667536e+05   2.98592363e+07   2.28422130e+06  -1.55245108e+06\n",
      "   -1.34202116e+07  -6.11196020e+06   4.48768494e+06   1.58426308e+06\n",
      "    4.29150964e+06  -6.19338842e+06   2.85904724e+06   1.06147470e+07\n",
      "    2.80499772e+06   1.03524890e+07  -1.06664144e+07  -8.97443134e+06\n",
      "    2.25010567e+06  -2.09151990e+07]\n",
      " [ -5.82898916e+05  -5.80449417e+05   5.59518321e+06   2.64963719e+05\n",
      "   -2.64070705e+05   7.49728036e+05   5.41821490e+06   5.38330909e+05\n",
      "   -4.36041561e+06   7.11464671e+04   1.08104797e+06   1.53344316e+05\n",
      "    1.61300038e+06  -5.04217320e+06  -3.98075415e+06  -1.52744774e+06\n",
      "   -4.55850906e+06  -1.58127810e+06   2.21866095e+06  -8.01884538e+05\n",
      "   -7.69532265e+04   1.84337458e+06   8.29773035e+05   4.90327067e+06\n",
      "    1.64664670e+05  -2.29638664e+06   3.99442908e+06   1.50646036e+05\n",
      "   -5.67300822e+04  -2.85073802e+05]\n",
      " [ -4.41691784e+05   2.21635486e+06   2.64963719e+05   1.69122901e+06\n",
      "   -1.10774340e+06  -3.48721022e+05  -7.51534986e+05   4.67838310e+04\n",
      "   -2.11499785e+05  -1.54999120e+06  -1.61521487e+06  -5.00327803e+05\n",
      "   -2.62906002e+04   3.83395525e+05   1.80592883e+06   7.49286434e+05\n",
      "    4.65513406e+04  -4.29497125e+05   8.06322685e+05  -1.98438823e+06\n",
      "   -1.18064370e+05   4.59811805e+05  -2.44342091e+05   9.68354143e+05\n",
      "    1.04766004e+05  -9.01378239e+05   4.61624950e+05   2.93309553e+05\n",
      "    9.91158454e+05   1.79635495e+05]\n",
      " [ -1.04931984e+06   6.11667019e+06  -2.64070705e+05  -1.10774340e+06\n",
      "    7.59936243e+06  -1.41789050e+06  -3.13711014e+06  -1.79018169e+05\n",
      "   -6.28081602e+06   1.89888830e+06   5.05692484e+06   3.03849006e+06\n",
      "   -1.54323355e+06   5.16274594e+05  -5.52341871e+06  -1.19476435e+06\n",
      "   -3.16023088e+06   1.52559850e+05  -6.91476458e+05   2.15760847e+06\n",
      "    1.16384311e+06   4.89332637e+06  -3.46436852e+06  -7.75273117e+06\n",
      "    2.81464957e+05   4.12274692e+05  -2.41869142e+06  -2.43002526e+06\n",
      "   -9.73649897e+05   9.31310886e+05]\n",
      " [ -7.41043793e+05   4.71228154e+06   7.49728036e+05  -3.48721022e+05\n",
      "   -1.41789050e+06   8.52252532e+06   4.74170789e+06   1.84918075e+05\n",
      "   -2.77594096e+06  -5.28227105e+06  -5.44151816e+06   3.76323394e+06\n",
      "    1.19100479e+05   4.67424854e+06   5.55488476e+06   1.05217891e+06\n",
      "    5.36947203e+06  -1.18670461e+06  -1.20090706e+06   3.05847981e+06\n",
      "    4.53746176e+05  -3.50375408e+06   1.42511543e+06   2.68060659e+06\n",
      "   -1.32135052e+06  -8.13305086e+05  -1.16028564e+06  -3.11824899e+06\n",
      "    1.67401618e+04  -9.43381701e+06]\n",
      " [  4.67469959e+05  -1.05767295e+07   5.41821490e+06  -7.51534986e+05\n",
      "   -3.13711014e+06   4.74170789e+06   2.05173259e+07  -1.35887866e+06\n",
      "   -7.83033565e+06   2.52157895e+06   1.86436420e+05   6.64775849e+06\n",
      "    1.38960978e+06  -6.59861507e+06  -1.46382900e+06   1.70194755e+06\n",
      "    6.32468152e+06   1.35622893e+06   2.77701177e+06  -6.63961604e+05\n",
      "    6.06526072e+05   4.14596729e+06  -7.25110372e+05   5.11248037e+05\n",
      "   -1.75078378e+06   3.75687267e+06  -5.30083966e+05   3.03462977e+06\n",
      "    6.24489895e+05   9.00035687e+05]\n",
      " [ -4.85178095e+03   6.97633895e+05   5.38330909e+05   4.67838310e+04\n",
      "   -1.79018169e+05   1.84918075e+05  -1.35887866e+06   2.27917360e+06\n",
      "    1.66490703e+06   8.49506761e+04  -1.28712772e+06  -5.06520875e+05\n",
      "    1.52260447e+06  -2.68709868e+06  -1.35366815e+06   2.90689902e+05\n",
      "   -6.36492723e+04  -5.58551178e+06  -1.53701210e+06   2.34062302e+06\n",
      "   -1.98368966e+05   1.52283197e+06   6.69014389e+05   2.09218468e+06\n",
      "    8.85492160e+05  -2.30485709e+06  -6.02910432e+04   1.54865644e+05\n",
      "    3.24013219e+05   1.68101674e+05]\n",
      " [ -6.31951944e+04  -2.42384153e+07  -4.36041561e+06  -2.11499785e+05\n",
      "   -6.28081602e+06  -2.77594096e+06  -7.83033565e+06   1.66490703e+06\n",
      "    2.97261603e+07   1.80439297e+06  -1.79413140e+05  -3.04470288e+06\n",
      "   -3.09363983e+06  -1.25974842e+07   2.32150233e+06   2.87195070e+06\n",
      "    1.48922021e+07  -1.82918653e+05  -2.31640939e+06   3.90760577e+06\n",
      "   -4.53913776e+06  -3.22090145e+06   4.24606278e+06  -5.73374738e+06\n",
      "    1.70453634e+06  -8.89675185e+06   2.99193460e+06   6.57840093e+06\n",
      "   -2.41682471e+06   3.23823244e+06]\n",
      " [ -2.95748960e+05  -1.01780032e+07   7.11464671e+04  -1.54999120e+06\n",
      "    1.89888830e+06  -5.28227105e+06   2.52157895e+06   8.49506761e+04\n",
      "    1.80439297e+06   1.20049854e+07   4.16936091e+06   1.01643563e+06\n",
      "   -9.77141545e+05  -3.62235870e+06  -1.15829582e+07   1.25175659e+05\n",
      "    5.51922903e+06   2.12244891e+06   3.31982845e+05   1.97318814e+06\n",
      "   -2.96958125e+05   4.29256872e+06   7.03260239e+03  -7.39511153e+06\n",
      "    1.56656662e+06  -7.48496298e+05  -1.71490150e+06   4.92225011e+05\n",
      "    4.10641505e+05   5.71891018e+06]\n",
      " [  9.89879118e+05  -9.00952441e+06   1.08104797e+06  -1.61521487e+06\n",
      "    5.05692484e+06  -5.44151816e+06   1.86436420e+05  -1.28712772e+06\n",
      "   -1.79413140e+05   4.16936091e+06   1.16129204e+07   5.38363204e+05\n",
      "   -3.30863367e+06  -7.27369530e+06  -8.73801741e+06   1.06579031e+06\n",
      "   -4.55206594e+06   4.15089121e+06   1.02801868e+06   7.75705256e+05\n",
      "    3.31225391e+04   4.91270467e+06  -3.09969358e+06  -6.49400995e+06\n",
      "   -4.73269883e+05  -3.59953259e+05   3.39136669e+06   6.03554252e+05\n",
      "   -2.77473542e+06   1.00483986e+07]\n",
      " [ -1.41614542e+06   1.83445361e+06   1.53344316e+05  -5.00327803e+05\n",
      "    3.03849006e+06   3.76323394e+06   6.64775849e+06  -5.06520875e+05\n",
      "   -3.04470288e+06   1.01643563e+06   5.38363204e+05   9.19806171e+06\n",
      "   -2.77802955e+06  -1.45429291e+06  -1.25912469e+06   2.94876770e+06\n",
      "    9.83715995e+06  -1.04925812e+06   1.01710871e+06   3.81323186e+06\n",
      "    1.04732079e+06   5.10922848e+06  -1.76660749e+06  -1.05799138e+07\n",
      "    2.15465258e+05   1.38605221e+06  -6.20359390e+06   1.13284284e+06\n",
      "   -1.00811529e+06  -3.71396152e+06]\n",
      " [ -1.19815717e+05  -5.65667536e+05   1.61300038e+06  -2.62906002e+04\n",
      "   -1.54323355e+06   1.19100479e+05   1.38960978e+06   1.52260447e+06\n",
      "   -3.09363983e+06  -9.77141545e+05  -3.30863367e+06  -2.77802955e+06\n",
      "    6.35071068e+06  -3.67375167e+06   3.30925652e+06  -4.56432333e+06\n",
      "   -7.52239090e+06  -5.81041791e+06  -1.48648930e+06  -3.05098658e+06\n",
      "    4.14142888e+05   1.33387787e+06  -4.68284250e+05   6.30777079e+06\n",
      "    1.09070758e+05   1.62209594e+06   2.54162919e+05   2.74663261e+06\n",
      "    1.24503192e+06   6.62577687e+05]\n",
      " [  8.69700001e+05   2.98592363e+07  -5.04217320e+06   3.83395525e+05\n",
      "    5.16274594e+05   4.67424854e+06  -6.59861507e+06  -2.68709868e+06\n",
      "   -1.25974842e+07  -3.62235870e+06  -7.27369530e+06  -1.45429291e+06\n",
      "   -3.67375167e+06   3.32720420e+07   5.14603423e+06   3.47393667e+06\n",
      "   -2.86583733e+06   5.93943135e+06   7.50689676e+05   4.26398775e+05\n",
      "    4.05657862e+06  -1.40626365e+07   3.79584238e+06   6.72936849e+06\n",
      "   -9.50714780e+05   5.57890653e+06  -4.34154260e+06  -1.27626860e+07\n",
      "    8.99283694e+05  -1.37502778e+07]\n",
      " [ -3.64859113e+05   2.28422130e+06  -3.98075415e+06   1.80592883e+06\n",
      "   -5.52341871e+06   5.55488476e+06  -1.46382900e+06  -1.35366815e+06\n",
      "    2.32150233e+06  -1.15829582e+07  -8.73801741e+06  -1.25912469e+06\n",
      "    3.30925652e+06   5.14603423e+06   2.11125037e+07  -4.28392442e+05\n",
      "   -2.51315869e+06  -2.26064514e+06  -1.61894572e+06  -6.23491266e+06\n",
      "    1.37192994e+06  -5.99385307e+06  -6.15785818e+05   3.96613724e+06\n",
      "   -2.15871397e+06   3.96873546e+06  -1.85841546e+06   3.77958049e+06\n",
      "   -4.10040678e+05  -5.49167941e+06]\n",
      " [  7.98590240e+05  -1.55245108e+06  -1.52744774e+06   7.49286434e+05\n",
      "   -1.19476435e+06   1.05217891e+06   1.70194755e+06   2.90689902e+05\n",
      "    2.87195070e+06   1.25175659e+05   1.06579031e+06   2.94876770e+06\n",
      "   -4.56432333e+06   3.47393667e+06  -4.28392442e+05   9.50876943e+06\n",
      "    6.34884120e+06  -2.34928864e+06   7.59318238e+04   3.80075754e+06\n",
      "    1.78484476e+06  -3.88513374e+05   9.02706899e+05  -2.57987225e+06\n",
      "   -2.74304060e+05  -2.76434911e+06  -1.98383812e+05  -2.02619782e+06\n",
      "   -1.88285103e+06   2.05157211e+06]\n",
      " [ -1.09985812e+06  -1.34202116e+07  -4.55850906e+06   4.65513406e+04\n",
      "   -3.16023088e+06   5.36947203e+06   6.32468152e+06  -6.36492723e+04\n",
      "    1.48922021e+07   5.51922903e+06  -4.55206594e+06   9.83715995e+06\n",
      "   -7.52239090e+06  -2.86583733e+06  -2.51315869e+06   6.34884120e+06\n",
      "    3.79934985e+07   7.55510168e+06  -1.67391466e+06   9.10809636e+06\n",
      "   -4.86634497e+06   1.79939011e+06   1.19345856e+06  -1.61830044e+07\n",
      "    3.21055788e+05  -3.87035778e+06  -7.77638472e+06  -1.59669287e+05\n",
      "    3.23107443e+06  -5.19533292e+06]\n",
      " [  7.13026645e+05  -6.11196020e+06  -1.58127810e+06  -4.29497125e+05\n",
      "    1.52559850e+05  -1.18670461e+06   1.35622893e+06  -5.58551178e+06\n",
      "   -1.82918653e+05   2.12244891e+06   4.15089121e+06  -1.04925812e+06\n",
      "   -5.81041791e+06   5.93943135e+06  -2.26064514e+06  -2.34928864e+06\n",
      "    7.55510168e+06   2.15057824e+07   2.52262293e+06  -3.55448762e+06\n",
      "   -3.36082942e+06  -5.28038696e+06  -1.07940705e+06  -4.31436423e+06\n",
      "   -2.65136664e+06   2.78417419e+06   2.95905241e+06  -4.28957595e+06\n",
      "    2.15364495e+06   4.79609240e+05]\n",
      " [ -6.21660077e+04   4.48768494e+06   2.21866095e+06   8.06322685e+05\n",
      "   -6.91476458e+05  -1.20090706e+06   2.77701177e+06  -1.53701210e+06\n",
      "   -2.31640939e+06   3.31982845e+05   1.02801868e+06   1.01710871e+06\n",
      "   -1.48648930e+06   7.50689676e+05  -1.61894572e+06   7.59318238e+04\n",
      "   -1.67391466e+06   2.52262293e+06   4.75412330e+06  -2.39275981e+06\n",
      "    3.11954141e+05  -5.12580986e+05   1.38630390e+06   4.26698598e+05\n",
      "    8.15482097e+05   2.19285349e+06   6.75018104e+04   1.94447421e+06\n",
      "   -6.35563350e+05  -1.65636278e+06]\n",
      " [  4.40339791e+05   1.58426308e+06  -8.01884538e+05  -1.98438823e+06\n",
      "    2.15760847e+06   3.05847981e+06  -6.63961604e+05   2.34062302e+06\n",
      "    3.90760577e+06   1.97318814e+06   7.75705256e+05   3.81323186e+06\n",
      "   -3.05098658e+06   4.26398775e+05  -6.23491266e+06   3.80075754e+06\n",
      "    9.10809636e+06  -3.55448762e+06  -2.39275981e+06   9.88125596e+06\n",
      "   -4.56236957e+05   1.99633959e+05   2.05632832e+06  -3.04374707e+06\n",
      "    9.76420021e+05  -3.55416660e+06  -2.27231970e+06  -3.51951401e+06\n",
      "   -1.20290277e+06  -3.57035974e+06]\n",
      " [ -2.88678269e+05   4.29150964e+06  -7.69532265e+04  -1.18064370e+05\n",
      "    1.16384311e+06   4.53746176e+05   6.06526072e+05  -1.98368966e+05\n",
      "   -4.53913776e+06  -2.96958125e+05   3.31225391e+04   1.04732079e+06\n",
      "    4.14142888e+05   4.05657862e+06   1.37192994e+06   1.78484476e+06\n",
      "   -4.86634497e+06  -3.36082942e+06   3.11954141e+05  -4.56236957e+05\n",
      "    2.82184697e+06  -7.70803270e+04  -2.52250780e+05  -1.45571116e+05\n",
      "   -3.02599082e+04   1.18717623e+06  -1.16348707e+06  -6.34286931e+05\n",
      "   -1.64564431e+06  -5.69286497e+05]\n",
      " [ -1.24835127e+06  -6.19338842e+06   1.84337458e+06   4.59811805e+05\n",
      "    4.89332637e+06  -3.50375408e+06   4.14596729e+06   1.52283197e+06\n",
      "   -3.22090145e+06   4.29256872e+06   4.91270467e+06   5.10922848e+06\n",
      "    1.33387787e+06  -1.40626365e+07  -5.99385307e+06  -3.88513374e+05\n",
      "    1.79939011e+06  -5.28038696e+06  -5.12580986e+05   1.99633959e+05\n",
      "   -7.70803270e+04   1.39874804e+07  -5.95944685e+06  -1.03430125e+07\n",
      "    8.80311515e+05  -8.95791782e+04  -3.40765766e+06   5.04441733e+06\n",
      "    8.94142990e+05   8.77937133e+06]\n",
      " [  3.96958444e+05   2.85904724e+06   8.29773035e+05  -2.44342091e+05\n",
      "   -3.46436852e+06   1.42511543e+06  -7.25110372e+05   6.69014389e+05\n",
      "    4.24606278e+06   7.03260239e+03  -3.09969358e+06  -1.76660749e+06\n",
      "   -4.68284250e+05   3.79584238e+06  -6.15785818e+05   9.02706899e+05\n",
      "    1.19345856e+06  -1.07940705e+06   1.38630390e+06   2.05632832e+06\n",
      "   -2.52250780e+05  -5.95944685e+06   5.22957749e+06   5.96854457e+06\n",
      "    1.16963832e+06  -1.81537252e+06   1.40594630e+06  -9.57256139e+05\n",
      "   -8.18226545e+05  -5.55310536e+06]\n",
      " [  3.22310412e+06   1.06147470e+07   4.90327067e+06   9.68354143e+05\n",
      "   -7.75273117e+06   2.68060659e+06   5.11248037e+05   2.09218468e+06\n",
      "   -5.73374738e+06  -7.39511153e+06  -6.49400995e+06  -1.05799138e+07\n",
      "    6.30777079e+06   6.72936849e+06   3.96613724e+06  -2.57987225e+06\n",
      "   -1.61830044e+07  -4.31436423e+06   4.26698598e+05  -3.04374707e+06\n",
      "   -1.45571116e+05  -1.03430125e+07   5.96854457e+06   2.82495891e+07\n",
      "   -8.13769752e+05   1.60705121e+05   9.04869803e+06  -3.94538990e+06\n",
      "    2.14003563e+06  -3.61631257e+06]\n",
      " [ -3.25838018e+05   2.80499772e+06   1.64664670e+05   1.04766004e+05\n",
      "    2.81464957e+05  -1.32135052e+06  -1.75078378e+06   8.85492160e+05\n",
      "    1.70453634e+06   1.56656662e+06  -4.73269883e+05   2.15465258e+05\n",
      "    1.09070758e+05  -9.50714780e+05  -2.15871397e+06  -2.74304060e+05\n",
      "    3.21055788e+05  -2.65136664e+06   8.15482097e+05   9.76420021e+05\n",
      "   -3.02599082e+04   8.80311515e+05   1.16963832e+06  -8.13769752e+05\n",
      "    1.56176094e+06  -3.15509655e+05  -1.54784085e+06   1.40885594e+06\n",
      "   -2.25692937e+05  -1.06583607e+06]\n",
      " [  2.42416936e+06   1.03524890e+07  -2.29638664e+06  -9.01378239e+05\n",
      "    4.12274692e+05  -8.13305086e+05   3.75687267e+06  -2.30485709e+06\n",
      "   -8.89675185e+06  -7.48496298e+05  -3.59953259e+05   1.38605221e+06\n",
      "    1.62209594e+06   5.57890653e+06   3.96873546e+06  -2.76434911e+06\n",
      "   -3.87035778e+06   2.78417419e+06   2.19285349e+06  -3.55416660e+06\n",
      "    1.18717623e+06  -8.95791782e+04  -1.81537252e+06   1.60705121e+05\n",
      "   -3.15509655e+05   1.36800684e+07  -7.32728319e+06   3.83813340e+06\n",
      "    1.02230952e+06  -6.14783169e+05]\n",
      " [  3.36026584e+05  -1.06664144e+07   3.99442908e+06   4.61624950e+05\n",
      "   -2.41869142e+06  -1.16028564e+06  -5.30083966e+05  -6.02910432e+04\n",
      "    2.99193460e+06  -1.71490150e+06   3.39136669e+06  -6.20359390e+06\n",
      "    2.54162919e+05  -4.34154260e+06  -1.85841546e+06  -1.98383812e+05\n",
      "   -7.77638472e+06   2.95905241e+06   6.75018104e+04  -2.27231970e+06\n",
      "   -1.16348707e+06  -3.40765766e+06   1.40594630e+06   9.04869803e+06\n",
      "   -1.54784085e+06  -7.32728319e+06   1.17645704e+07  -2.85560487e+06\n",
      "   -8.90835677e+05   4.80674370e+06]\n",
      " [  4.81942144e+04  -8.97443134e+06   1.50646036e+05   2.93309553e+05\n",
      "   -2.43002526e+06  -3.11824899e+06   3.03462977e+06   1.54865644e+05\n",
      "    6.57840093e+06   4.92225011e+05   6.03554252e+05   1.13284284e+06\n",
      "    2.74663261e+06  -1.27626860e+07   3.77958049e+06  -2.02619782e+06\n",
      "   -1.59669287e+05  -4.28957595e+06   1.94447421e+06  -3.51951401e+06\n",
      "   -6.34286931e+05   5.04441733e+06  -9.57256139e+05  -3.94538990e+06\n",
      "    1.40885594e+06   3.83813340e+06  -2.85560487e+06   1.13242996e+07\n",
      "   -1.17252733e+06   4.28294198e+06]\n",
      " [  2.17553456e+05   2.25010567e+06  -5.67300822e+04   9.91158454e+05\n",
      "   -9.73649897e+05   1.67401618e+04   6.24489895e+05   3.24013219e+05\n",
      "   -2.41682471e+06   4.10641505e+05  -2.77473542e+06  -1.00811529e+06\n",
      "    1.24503192e+06   8.99283694e+05  -4.10040678e+05  -1.88285103e+06\n",
      "    3.23107443e+06   2.15364495e+06  -6.35563350e+05  -1.20290277e+06\n",
      "   -1.64564431e+06   8.94142990e+05  -8.18226545e+05   2.14003563e+06\n",
      "   -2.25692937e+05   1.02230952e+06  -8.90835677e+05  -1.17252733e+06\n",
      "    3.72451671e+06   4.84607539e+04]\n",
      " [  2.06881131e+06  -2.09151990e+07  -2.85073802e+05   1.79635495e+05\n",
      "    9.31310886e+05  -9.43381701e+06   9.00035687e+05   1.68101674e+05\n",
      "    3.23823244e+06   5.71891018e+06   1.00483986e+07  -3.71396152e+06\n",
      "    6.62577687e+05  -1.37502778e+07  -5.49167941e+06   2.05157211e+06\n",
      "   -5.19533292e+06   4.79609240e+05  -1.65636278e+06  -3.57035974e+06\n",
      "   -5.69286497e+05   8.77937133e+06  -5.55310536e+06  -3.61631257e+06\n",
      "   -1.06583607e+06  -6.14783170e+05   4.80674370e+06   4.28294198e+06\n",
      "    4.84607539e+04   2.08351686e+07]]\n",
      "float64\n",
      "float64\n",
      "float64\n",
      "float64\n",
      "(30L, 30L)\n",
      "float64\n",
      "[[ 0.00989861]]\n",
      "Omega.shape: (1L, 1L)\n",
      "Omegainv [[ 1.05246366]]\n",
      "V.shape: (30L, 30L)\n",
      "Vinv [[  2.16645671e+07  -3.48636399e+06  -8.06899743e+06   8.04856363e+05\n",
      "    1.05612032e+07   4.25618720e+06  -5.15148106e+06   1.48277063e+06\n",
      "   -4.90614549e+06  -2.20894275e+06  -7.93382278e+06  -5.66379398e+06\n",
      "   -1.27678069e+06   1.31072290e+07  -2.01752312e+06  -2.08644055e+06\n",
      "    9.67977035e+06   7.23699715e+06  -8.19097244e+06  -6.12507106e+06\n",
      "   -5.92165329e+04  -4.34822540e+06  -2.60557198e+06  -9.11972101e+06\n",
      "   -1.99600671e+06  -1.07698570e+07   7.62591909e+06  -2.75621103e+06\n",
      "   -1.69810883e+06   4.33438454e+06]\n",
      " [ -3.48636399e+06   2.33231415e+07  -3.36998596e+06  -1.39167785e+06\n",
      "   -2.03094751e+06  -2.18255597e+06   9.73059399e+04   2.81088118e+06\n",
      "    2.13989776e+07   2.42940713e+05  -2.04984977e+06   6.61224836e+06\n",
      "   -3.81815370e+06  -2.41468031e+06  -4.23221841e+06   2.18931163e+06\n",
      "   -1.39443202e+07  -1.03784155e+07   2.12715122e+06  -1.28638225e+07\n",
      "   -1.72000188e+06   1.05040269e+06   5.17002248e+06  -8.13736178e+06\n",
      "   -1.41505223e+06   2.32525728e+06  -5.82577368e+06   7.17044966e+06\n",
      "   -2.83088056e+06   1.57415063e+06]\n",
      " [ -8.06899743e+06  -3.36998596e+06   1.92156546e+07   2.06553067e+05\n",
      "   -1.13613734e+07   4.54625365e+05   1.57622230e+07  -9.34062025e+05\n",
      "    8.16079261e+06  -2.52621769e+05  -6.44199166e+05   1.66949230e+06\n",
      "    2.38338193e+06  -1.66326110e+07  -1.52954017e+05  -1.88532388e+06\n",
      "    5.19453402e+06   3.74318387e+06  -8.68940579e+05  -3.16269678e+05\n",
      "    1.13965055e+06   1.38240571e+07  -8.63709276e+05  -1.37068840e+06\n",
      "   -2.87695337e+05  -8.58861369e+06   2.75733587e+06   1.76400446e+06\n",
      "    2.54049532e+05  -8.71349963e+06]\n",
      " [  8.04856363e+05  -1.39167785e+06   2.06553067e+05   1.20243264e+06\n",
      "    1.38127897e+05  -1.54721037e+05  -2.01536919e+06  -1.43236522e+05\n",
      "    4.94474892e+04  -6.35649300e+05  -3.93992671e+05  -9.13726449e+05\n",
      "   -4.24522486e+05   3.43126697e+05   2.16984882e+05   4.05541619e+05\n",
      "    8.04958716e+05   1.30907200e+06   4.50494645e+05  -1.00412803e+06\n",
      "   -1.37125371e+05   1.11300811e+05  -3.91557790e+05   4.32446418e+05\n",
      "    1.51400119e+05  -2.39584166e+06   1.93982596e+06  -3.47513753e+05\n",
      "    2.97492237e+05   1.66245595e+05]\n",
      " [  1.05612032e+07  -2.03094751e+06  -1.13613734e+07   1.38127897e+05\n",
      "    1.60038641e+07   6.48526895e+05  -7.92910581e+06  -1.81756914e+05\n",
      "   -1.93939794e+07  -3.69969078e+06   5.37129724e+06   1.31871209e+05\n",
      "   -2.61135719e+06   7.58338073e+06  -1.47271934e+06   6.71793138e+05\n",
      "   -1.17261758e+06  -9.36680839e+05   2.50722596e+06   5.16644434e+06\n",
      "    7.96089064e+05  -8.01307895e+06  -2.35331399e+06  -3.16997188e+06\n",
      "    8.82840408e+05   3.89820399e+06   2.44844407e+06  -8.07335476e+05\n",
      "   -3.17636496e+06   9.09474134e+06]\n",
      " [  4.25618720e+06  -2.18255597e+06   4.54625365e+05  -1.54721037e+05\n",
      "    6.48526895e+05   1.10185895e+07  -3.97673349e+06   1.81113133e+05\n",
      "    1.08969753e+05  -1.44752057e+06  -1.92507101e+05   6.16050923e+06\n",
      "    2.09629710e+06   2.74124392e+06  -1.30257574e+05   3.82803582e+05\n",
      "   -1.02409707e+07  -3.83868677e+05  -5.83127856e+04  -6.04054867e+06\n",
      "   -1.45603908e+05   4.67575748e+06  -3.39142613e+06   1.15963363e+07\n",
      "   -2.52671515e+06   1.52132844e+06   4.12387349e+05   2.13193621e+05\n",
      "    3.09460432e+05  -9.78457111e+06]\n",
      " [ -5.15148106e+06   9.73059400e+04   1.57622230e+07  -2.01536919e+06\n",
      "   -7.92910581e+06  -3.97673349e+06   6.56014271e+07  -3.97575067e+06\n",
      "   -8.60612505e+06   5.66788212e+06  -1.04652048e+07   1.44482246e+07\n",
      "    1.09747043e+06  -1.98833470e+07  -4.46623091e+05  -2.78129212e+06\n",
      "    2.86730411e+07   1.01576089e+07   6.60495325e+05  -1.57732721e+07\n",
      "    3.80293132e+06   1.54563141e+07  -1.89612252e+06  -4.17794764e+07\n",
      "   -6.57727424e+06   1.43399244e+06  -6.04559788e+06   1.07760950e+07\n",
      "    2.02998038e+06   1.54415774e+07]\n",
      " [  1.48277063e+06   2.81088118e+06  -9.34062025e+05  -1.43236522e+05\n",
      "   -1.81756914e+05   1.81113133e+05  -3.97575067e+06   3.63922445e+06\n",
      "    5.68323067e+06  -9.77588286e+04  -2.79874008e+06  -9.53973110e+05\n",
      "    1.37643113e+06  -2.09079354e+06  -2.14979345e+06   9.22901219e+05\n",
      "    9.91575762e+05  -7.21571117e+06  -3.21836123e+06   2.57855382e+06\n",
      "   -6.40744772e+05   1.31829750e+06   1.33590690e+06   1.79324391e+06\n",
      "    8.69773658e+05  -3.78778485e+06  -2.89052308e+05   3.37128090e+04\n",
      "    5.24949235e+05   6.73307474e+05]\n",
      " [ -4.90614549e+06   2.13989776e+07   8.16079261e+06   4.94474892e+04\n",
      "   -1.93939794e+07   1.08969753e+05  -8.60612505e+06   5.68323067e+06\n",
      "    5.19545123e+07   2.45474861e+06  -1.29218296e+07  -2.83427613e+06\n",
      "   -4.51778122e+05  -3.69497174e+06  -2.03961789e+06   1.17185984e+06\n",
      "   -7.96554777e+06  -7.38060092e+06  -1.04455638e+07  -1.66071422e+07\n",
      "   -3.50913951e+06   1.11171275e+07   5.88271643e+06   2.66690671e+05\n",
      "   -1.49778924e+06  -1.53083671e+07  -2.89672388e+06   2.71315181e+06\n",
      "    5.99059050e+05  -1.51243948e+07]\n",
      " [ -2.20894275e+06   2.42940713e+05  -2.52621769e+05  -6.35649300e+05\n",
      "   -3.69969078e+06  -1.44752057e+06   5.66788212e+06  -9.77588286e+04\n",
      "    2.45474861e+06   8.88043425e+06  -1.14170862e+06   1.07656862e+06\n",
      "   -1.70647555e+06   5.07933548e+06  -5.05618944e+06   3.59511024e+06\n",
      "    5.02103760e+06  -1.04953546e+06  -8.64884126e+05   6.42665850e+05\n",
      "    2.62201701e+05   1.15813706e+06   1.93985174e+06  -2.64216152e+06\n",
      "    6.80934363e+05   1.66068421e+06  -5.38097583e+06  -2.09550643e+06\n",
      "    1.04588669e+06  -8.85267231e+05]\n",
      " [ -7.93382278e+06  -2.04984977e+06  -6.44199166e+05  -3.93992671e+05\n",
      "    5.37129724e+06  -1.92507101e+05  -1.04652048e+07  -2.79874008e+06\n",
      "   -1.29218296e+07  -1.14170862e+06   1.69573361e+07   2.87312561e+06\n",
      "   -3.31663812e+06  -2.09388988e+06  -1.32311699e+06   2.53293236e+06\n",
      "   -1.14591673e+07  -2.74579946e+06   7.67148014e+06   1.41251536e+07\n",
      "   -5.31973081e+05  -3.09610774e+05  -2.52642123e+06   1.15657586e+07\n",
      "    3.39224721e+06   1.15980131e+07  -3.60377564e+06  -2.34704826e+06\n",
      "   -2.14958740e+06  -4.19687891e+06]\n",
      " [ -5.66379398e+06   6.61224836e+06   1.66949230e+06  -9.13726449e+05\n",
      "    1.31871209e+05   6.16050923e+06   1.44482246e+07  -9.53973110e+05\n",
      "   -2.83427613e+06   1.07656862e+06   2.87312561e+06   1.69328447e+07\n",
      "   -1.75270177e+05  -5.97047201e+06  -1.54862804e+06   4.05291062e+06\n",
      "   -1.16735751e+07  -7.06599426e+06   7.57260317e+06  -9.50262759e+06\n",
      "    1.86822603e+06   8.26849770e+06  -1.82081377e+06  -2.18488946e+06\n",
      "   -2.99252408e+06   1.04043444e+07  -7.29555339e+06   7.24803177e+06\n",
      "   -1.00888950e+06  -1.01175105e+06]\n",
      " [ -1.27678069e+06  -3.81815370e+06   2.38338193e+06  -4.24522486e+05\n",
      "   -2.61135719e+06   2.09629710e+06   1.09747043e+06   1.37643113e+06\n",
      "   -4.51778122e+05  -1.70647555e+06  -3.31663812e+06  -1.75270177e+05\n",
      "    5.01795038e+06  -3.70561486e+06   2.56445831e+06  -2.01172667e+06\n",
      "   -1.08327344e+06  -2.44607800e+06  -2.96044917e+05   9.41918667e+05\n",
      "    7.86996916e+05  -5.48247379e+05   8.83442672e+05   7.23787483e+06\n",
      "   -3.75069620e+05  -8.49587338e+05   2.12681843e+06   6.90689437e+05\n",
      "    1.65129262e+06  -1.17829515e+06]\n",
      " [  1.31072290e+07  -2.41468031e+06  -1.66326110e+07   3.43126697e+05\n",
      "    7.58338073e+06   2.74124392e+06  -1.98833470e+07  -2.09079354e+06\n",
