{
 "cells": [
  {
   "cell_type": "code",
   "execution_count": 171,
   "metadata": {},
   "outputs": [],
   "source": [
    "# The codes for the backtest system contains a large proportion\n",
    "# transformed from the matlab codes in the homework. \n",
    "# Most original comments are remained for the Markowitz part.\n",
    "# In the Black Litterman part, to avoid redundancy, only the things\n",
    "# different from Markowitz have comments. \n",
    "# Comments following \"#//\" are codes used to debug only. They can be \n",
    "# totally ignored.\n",
    "\n",
    "##########################################\n",
    "#### * #######  PREPARAION  ####### * ####\n",
    "##########################################\n",
    "\n",
    "import pandas as pd\n",
    "import glob\n",
    "import numpy as np\n",
    "import matplotlib\n",
    "import matplotlib.pyplot as plt\n",
    "from cvxpy import *"
   ]
  },
  {
   "cell_type": "code",
   "execution_count": 26,
   "metadata": {},
   "outputs": [],
   "source": [
    "# Import data and store them in matrices\n",
    "## daily market price\n",
    "risk_free_rate = pd.read_csv(r'C:\\Users\\Yiheng\\5370-project2\\DGS3MO_daily.csv', index_col=0, header=0)\n",
    "risk_free_rate = np.array(risk_free_rate)\n",
    "Price = pd.read_csv(r'C:\\Users\\Yiheng\\5370-project2\\new_price_com_mat.csv', index_col=0, header=0)\n",
    "Price = np.mat(Price)\n",
    "nc = Price.shape[1] # number of columns"
   ]
  },
  {
   "cell_type": "code",
   "execution_count": 27,
   "metadata": {},
   "outputs": [],
   "source": [
    "## intraday realized higher moments------for BlackLitterman\n",
    "Super = pd.read_csv(r'D:\\new_super_big_data.csv', index_col=0, header=0)\n",
    "Returns = np.mat(Super.iloc[:,range(120,120+30,1)])\n",
    "Variance = np.mat(Super.iloc[:,range(0,0+nc*3,3)])\n",
    "Skewness = np.mat(Super.iloc[:,range(1,1+nc*3,3)])\n",
    "Kurtosis = np.mat(Super.iloc[:,range(2,2+nc*3,3)])"
   ]
  },
  {
   "cell_type": "code",
   "execution_count": 28,
   "metadata": {},
   "outputs": [],
   "source": [
    "import pickle\n",
    "with open('./weekly_panel_matrices', 'rb') as f:\n",
    "    pm = pickle.load(f)"
   ]
  },
  {
   "cell_type": "code",
   "execution_count": 29,
   "metadata": {},
   "outputs": [],
   "source": [
    "with open('./inverted_index', 'rb') as f:\n",
    "    id = pickle.load(f)"
   ]
  },
  {
   "cell_type": "code",
   "execution_count": 30,
   "metadata": {},
   "outputs": [
    {
     "data": {
      "text/plain": [
       "Timestamp('2013-03-12 00:00:00')"
      ]
     },
     "execution_count": 30,
     "metadata": {},
     "output_type": "execute_result"
    }
   ],
   "source": [
    "id[5]"
   ]
  },
  {
   "cell_type": "code",
   "execution_count": 31,
   "metadata": {},
   "outputs": [
    {
     "data": {
      "text/plain": [
       "matrix([[ 3.07716546e-06,  4.05261876e-07,  6.99565122e-07,\n",
       "          8.07270400e-07,  2.47181432e-07, -7.19539941e-08,\n",
       "          1.96549174e-07,  5.06924472e-07,  5.77384287e-07,\n",
       "          3.26319485e-07,  1.50045591e-07,  6.20869221e-07,\n",
       "          9.39894530e-08,  1.55375294e-07,  3.43445298e-07,\n",
       "          4.31187607e-07,  5.35707427e-07, -1.64617544e-07,\n",
       "          9.56039713e-07,  8.82444442e-07,  9.76923415e-07,\n",
       "          6.90998375e-07,  4.25267811e-07,  3.03659488e-06,\n",
       "          4.23527003e-07,  8.86535513e-07, -1.10160608e-07,\n",
       "         -1.69939780e-07, -1.19417297e-07,  6.73996760e-07],\n",
       "        [ 4.05261876e-07,  5.74301625e-07,  1.94190859e-07,\n",
       "          4.28477612e-07,  1.60745545e-07,  9.29180910e-08,\n",
       "         -6.96043820e-08,  2.20307915e-07,  2.51695563e-07,\n",
       "          3.27776205e-07,  6.45675377e-08,  1.38863584e-07,\n",
       "          1.26080997e-07,  4.00459215e-08,  7.21674918e-08,\n",
       "          6.26899191e-08,  1.74027454e-07, -6.54181983e-08,\n",
       "          3.74043895e-07,  1.56172834e-07,  3.57465393e-07,\n",
       "          1.95368270e-07,  1.24604289e-07,  9.98863867e-07,\n",
       "          1.17988933e-07,  2.18380093e-07,  6.67836050e-09,\n",
       "         -2.81281200e-08,  2.88746615e-08, -3.21268746e-07],\n",
       "        [ 6.99565122e-07,  1.94190859e-07,  1.60269302e-06,\n",
       "          7.27981519e-07,  1.75060627e-07,  4.65983731e-07,\n",
       "          3.95419193e-07,  7.37805993e-07, -5.62074810e-08,\n",
       "          8.92443823e-07, -4.48424976e-07,  9.05301846e-07,\n",
       "         -2.05605657e-07,  3.90031853e-07,  8.34912214e-07,\n",
       "         -5.52564605e-08,  7.08791408e-07,  5.47607765e-07,\n",
       "          7.07244681e-07,  3.76850539e-07,  9.26221998e-07,\n",
       "          4.48132602e-07,  5.54248186e-07,  1.68466758e-06,\n",
       "          3.50991356e-07,  1.18940181e-06,  1.20717259e-06,\n",
       "          5.66381970e-07,  8.40218038e-07, -3.16153479e-08],\n",
       "        [ 8.07270400e-07,  4.28477612e-07,  7.27981519e-07,\n",
       "          6.98591337e-06,  3.66781544e-07,  9.05200641e-07,\n",
       "          6.54615300e-07,  1.01264192e-06, -2.72277384e-07,\n",
       "          7.99443802e-07,  4.41396722e-07,  1.96573448e-06,\n",
       "         -1.20596862e-07,  7.96679944e-07,  1.24549289e-06,\n",
       "          7.36313695e-07,  1.25279593e-06,  4.12449686e-07,\n",
       "          9.52655088e-07,  1.13009018e-06,  6.10679758e-07,\n",
       "         -2.01665261e-06,  8.58412729e-07,  1.07607278e-06,\n",
       "          7.71233191e-07,  1.03051830e-06,  1.92453647e-06,\n",
       "          9.65017539e-07,  3.84631734e-08, -1.46602474e-07],\n",
       "        [ 2.47181432e-07,  1.60745545e-07,  1.75060627e-07,\n",
       "          3.66781544e-07,  8.70138781e-07,  1.29488394e-07,\n",
       "         -1.02702799e-07,  1.69744286e-07,  1.77651578e-07,\n",
       "          1.96620830e-07,  2.09421752e-07,  2.39729276e-07,\n",
       "          1.07337810e-07,  2.85141375e-07,  3.99886069e-08,\n",
       "          3.41250160e-07,  3.07905303e-07,  2.85500620e-08,\n",
       "          2.98645257e-07,  4.37012187e-07,  1.20280286e-07,\n",
       "          5.17815377e-07,  3.54983075e-07, -1.67459272e-07,\n",
       "          2.04913298e-07, -9.64671561e-08,  2.98361052e-07,\n",
       "          2.39576588e-07,  3.58988292e-08,  5.99875080e-08],\n",
       "        [-7.19539941e-08,  9.29180910e-08,  4.65983731e-07,\n",
       "          9.05200641e-07,  1.29488394e-07,  1.70594622e-06,\n",
       "          2.77751599e-07,  6.81651474e-07,  2.72508905e-07,\n",
       "          6.53572134e-07,  1.33174453e-07,  8.25161378e-07,\n",
       "          5.07573504e-08,  5.15155915e-07,  4.97653706e-07,\n",
       "          4.79691614e-07,  8.01858357e-07,  2.10971393e-07,\n",
       "          2.95691797e-07,  1.92050819e-07,  5.17534413e-07,\n",
       "         -1.45548330e-07,  2.34425292e-07,  8.31743292e-07,\n",
       "          2.95027955e-07,  8.59563436e-08,  7.19421655e-07,\n",
       "          6.58856299e-07,  4.48525402e-07,  1.75409828e-07],\n",
       "        [ 1.96549174e-07, -6.96043820e-08,  3.95419193e-07,\n",
       "          6.54615300e-07, -1.02702799e-07,  2.77751599e-07,\n",
       "          1.72302936e-06,  7.04512026e-07,  7.97070824e-08,\n",
       "          7.31004713e-08, -3.08459107e-07,  4.91607056e-07,\n",
       "          1.71513624e-07,  1.66845429e-07,  7.66778260e-08,\n",
       "         -1.02397940e-07,  1.28147792e-07,  2.96342349e-07,\n",
       "          2.77475788e-07, -2.26480428e-07,  2.49552894e-07,\n",
       "         -1.74517846e-07,  4.13650805e-07,  6.21334334e-07,\n",
       "          5.38975553e-07,  3.47087313e-07,  6.07546487e-07,\n",
       "          2.51532891e-07, -1.49302244e-07,  6.49935249e-08],\n",
       "        [ 5.06924472e-07,  2.20307915e-07,  7.37805993e-07,\n",
       "          1.01264192e-06,  1.69744286e-07,  6.81651474e-07,\n",
       "          7.04512026e-07,  2.06785058e-06,  2.57055450e-07,\n",
       "          1.03718569e-06,  8.35764282e-08,  9.75365529e-07,\n",
       "         -2.61866210e-07,  7.02511783e-07,  6.73184933e-07,\n",
       "          3.46626895e-08,  8.55979666e-07,  6.36530855e-07,\n",
       "          6.48574403e-07, -2.72540333e-07,  9.86560549e-07,\n",
       "          9.23434080e-08,  6.23214190e-07,  6.69728112e-07,\n",
       "          4.38861336e-07,  8.55093263e-07,  6.43181777e-07,\n",
       "          4.32988667e-07,  4.27021132e-07,  9.13951282e-08],\n",
       "        [ 5.77384287e-07,  2.51695563e-07, -5.62074810e-08,\n",
       "         -2.72277384e-07,  1.77651578e-07,  2.72508905e-07,\n",
       "          7.97070824e-08,  2.57055450e-07,  2.59160818e-06,\n",
       "          5.00892208e-07,  2.33920823e-07, -1.17424694e-07,\n",
       "          2.27574473e-07,  1.75170022e-07,  2.23241990e-07,\n",
       "          6.64109550e-07,  7.81180465e-07, -3.05997255e-08,\n",
       "          4.23265150e-07, -1.70882090e-07,  5.73583848e-07,\n",
       "         -8.65987001e-08,  3.47105206e-07,  6.58778557e-07,\n",
       "          8.52539005e-08, -2.14709588e-07,  8.32771585e-07,\n",
       "          1.55207663e-07,  3.04731977e-07, -4.41353900e-07],\n",
       "        [ 3.26319485e-07,  3.27776205e-07,  8.92443823e-07,\n",
       "          7.99443802e-07,  1.96620830e-07,  6.53572134e-07,\n",
       "          7.31004713e-08,  1.03718569e-06,  5.00892208e-07,\n",
       "          2.51188658e-06, -7.26604325e-09,  1.48296471e-06,\n",
       "          2.57184609e-07,  4.83923770e-07,  1.46393850e-06,\n",
       "          7.42927520e-08,  1.21690760e-06,  9.89423644e-07,\n",
       "          9.44742870e-07,  4.93730240e-07,  9.75465775e-07,\n",
       "          1.78843433e-07,  4.74497883e-07,  2.04405667e-06,\n",
       "          5.25487795e-07,  1.35453264e-06,  1.84716363e-06,\n",
       "          7.07147594e-07,  8.80531006e-07, -4.97351009e-08],\n",
       "        [ 1.50045591e-07,  6.45675377e-08, -4.48424976e-07,\n",
       "          4.41396722e-07,  2.09421752e-07,  1.33174453e-07,\n",
       "         -3.08459107e-07,  8.35764282e-08,  2.33920823e-07,\n",
       "         -7.26604325e-09,  3.00417528e-06,  5.54330272e-07,\n",
       "          9.83207576e-07,  1.82367398e-07, -4.87170186e-07,\n",
       "          8.77047325e-07, -3.35597964e-07, -1.39902945e-07,\n",
       "         -3.57095028e-07, -2.96303384e-07,  6.72004381e-08,\n",
       "          3.59668753e-07,  2.18181697e-07,  1.08517699e-06,\n",
       "         -1.75541998e-07, -7.33793489e-07, -2.12868904e-07,\n",
       "          6.77301104e-07, -2.38525729e-07,  2.62045324e-07],\n",
       "        [ 6.20869221e-07,  1.38863584e-07,  9.05301846e-07,\n",
       "          1.96573448e-06,  2.39729276e-07,  8.25161378e-07,\n",
       "          4.91607056e-07,  9.75365529e-07, -1.17424694e-07,\n",
       "          1.48296471e-06,  5.54330272e-07,  2.89572321e-06,\n",
       "          3.39642419e-07,  5.72009195e-07,  1.13109183e-06,\n",
       "          5.73120104e-07,  1.18742688e-06,  9.95328493e-07,\n",
       "          6.08071200e-07,  2.30280870e-07,  8.22645632e-07,\n",
       "         -4.31891580e-07,  7.05642801e-07,  1.41150463e-06,\n",
       "          4.98148977e-07,  9.94462035e-07,  1.66286630e-06,\n",
       "          8.72616220e-07,  6.67702250e-07,  2.95448166e-08],\n",
       "        [ 9.39894530e-08,  1.26080997e-07, -2.05605657e-07,\n",
       "         -1.20596862e-07,  1.07337810e-07,  5.07573504e-08,\n",
       "          1.71513624e-07, -2.61866210e-07,  2.27574473e-07,\n",
       "          2.57184609e-07,  9.83207576e-07,  3.39642419e-07,\n",
       "          1.79081611e-06, -8.39886826e-08, -3.13195867e-07,\n",
       "         -3.13561813e-07, -2.72545529e-07,  3.34011684e-08,\n",
       "         -5.63702904e-08,  4.31928250e-09, -6.26133131e-08,\n",
       "          5.43198961e-07,  1.12728029e-07,  4.23821671e-07,\n",
       "         -2.57054850e-07, -3.62693468e-07, -3.13071046e-07,\n",
       "          4.23512487e-07, -3.49184208e-07,  6.18318613e-08],\n",
       "        [ 1.55375294e-07,  4.00459215e-08,  3.90031853e-07,\n",
       "          7.96679944e-07,  2.85141375e-07,  5.15155915e-07,\n",
       "          1.66845429e-07,  7.02511783e-07,  1.75170022e-07,\n",
       "          4.83923770e-07,  1.82367398e-07,  5.72009195e-07,\n",
       "         -8.39886826e-08,  1.02700018e-06,  4.15739049e-07,\n",
       "          4.02462093e-07,  8.58681007e-07,  4.14911585e-07,\n",
       "          1.19568562e-07,  3.69980757e-07,  5.07497831e-07,\n",
       "          1.17166791e-07,  4.95258829e-07,  6.68084617e-07,\n",
       "          3.39931968e-07,  5.64302467e-07,  9.40547846e-07,\n",
       "          5.93053069e-07,  2.57740637e-07,  8.63545482e-09],\n",
       "        [ 3.43445298e-07,  7.21674918e-08,  8.34912214e-07,\n",
       "          1.24549289e-06,  3.99886069e-08,  4.97653706e-07,\n",
       "          7.66778260e-08,  6.73184933e-07,  2.23241990e-07,\n",
       "          1.46393850e-06, -4.87170186e-07,  1.13109183e-06,\n",
       "         -3.13195867e-07,  4.15739049e-07,  2.13124734e-06,\n",
       "          3.73482737e-07,  1.21193614e-06,  6.56007155e-07,\n",
       "          7.14541474e-07,  3.41643109e-07,  9.50658266e-07,\n",
       "         -8.88158905e-08,  6.19482301e-07,  1.63218389e-06,\n",
       "          6.13025367e-07,  1.04365052e-06,  1.69352303e-06,\n",
       "          9.37379820e-07,  9.45918007e-07, -4.80414220e-08],\n",
       "        [ 4.31187607e-07,  6.26899191e-08, -5.52564605e-08,\n",
       "          7.36313695e-07,  3.41250160e-07,  4.79691614e-07,\n",
       "         -1.02397940e-07,  3.46626895e-08,  6.64109550e-07,\n",
       "          7.42927520e-08,  8.77047325e-07,  5.73120104e-07,\n",
       "         -3.13561813e-07,  4.02462093e-07,  3.73482737e-07,\n",
       "          3.27143987e-06,  7.94903416e-07, -4.76363364e-07,\n",
       "          5.72583121e-08, -2.05678201e-07,  4.62324571e-07,\n",
       "         -2.73568338e-07,  6.48965649e-07,  1.25190145e-06,\n",
       "          3.94646719e-07, -2.88210353e-07,  9.35974769e-07,\n",
       "          5.57629300e-07,  7.71133299e-07,  4.50806790e-08],\n",
       "        [ 5.35707427e-07,  1.74027454e-07,  7.08791408e-07,\n",
       "          1.25279593e-06,  3.07905303e-07,  8.01858357e-07,\n",
       "          1.28147792e-07,  8.55979666e-07,  7.81180465e-07,\n",
       "          1.21690760e-06, -3.35597964e-07,  1.18742688e-06,\n",
       "         -2.72545529e-07,  8.58681007e-07,  1.21193614e-06,\n",
       "          7.94903416e-07,  3.89084607e-06,  9.45905069e-07,\n",
       "          7.52815413e-07,  8.95478700e-08,  1.57455903e-06,\n",
       "         -1.50673636e-06,  5.90066285e-07,  2.27630783e-06,\n",
       "          2.37925924e-07,  8.32051259e-07,  2.34249925e-06,\n",
       "          5.99693631e-07,  5.95015212e-07,  7.79400195e-07],\n",
       "        [-1.64617544e-07, -6.54181983e-08,  5.47607765e-07,\n",
       "          4.12449686e-07,  2.85500620e-08,  2.10971393e-07,\n",
       "          2.96342349e-07,  6.36530855e-07, -3.05997255e-08,\n",
       "          9.89423644e-07, -1.39902945e-07,  9.95328493e-07,\n",
       "          3.34011684e-08,  4.14911585e-07,  6.56007155e-07,\n",
       "         -4.76363364e-07,  9.45905069e-07,  2.50797441e-06,\n",
       "          2.17756518e-07,  7.85730448e-08,  1.96501992e-07,\n",
       "         -2.74527475e-07,  3.35939199e-07,  5.82578092e-07,\n",
       "          9.79371112e-09,  1.18954315e-06,  6.50307201e-07,\n",
       "          8.41289122e-07,  8.76653064e-07, -2.17016165e-07],\n",
       "        [ 9.56039713e-07,  3.74043895e-07,  7.07244681e-07,\n",
       "          9.52655088e-07,  2.98645257e-07,  2.95691797e-07,\n",
       "          2.77475788e-07,  6.48574403e-07,  4.23265150e-07,\n",
       "          9.44742870e-07, -3.57095028e-07,  6.08071200e-07,\n",
       "         -5.63702904e-08,  1.19568562e-07,  7.14541474e-07,\n",
       "          5.72583121e-08,  7.52815413e-07,  2.17756518e-07,\n",
       "          1.75380061e-06,  4.99092615e-07,  6.32252226e-07,\n",
       "          3.47857006e-07,  4.19397870e-07,  6.78905511e-07,\n",
       "          4.75712204e-07,  1.11879502e-06,  4.49003829e-07,\n",
       "          6.55739420e-07,  7.12191504e-07,  4.61916114e-07],\n",
       "        [ 8.82444442e-07,  1.56172834e-07,  3.76850539e-07,\n",
       "          1.13009018e-06,  4.37012187e-07,  1.92050819e-07,\n",
       "         -2.26480428e-07, -2.72540333e-07, -1.70882090e-07,\n",
       "          4.93730240e-07, -2.96303384e-07,  2.30280870e-07,\n",
       "          4.31928250e-09,  3.69980757e-07,  3.41643109e-07,\n",
       "         -2.05678201e-07,  8.95478700e-08,  7.85730448e-08,\n",
       "          4.99092615e-07,  4.23137905e-06, -1.91469072e-07,\n",
       "          4.67048041e-07,  1.41759757e-07,  5.55901885e-07,\n",
       "          3.79229477e-07,  8.69739930e-07, -1.35501582e-07,\n",
       "          3.93980624e-07, -3.63604471e-07,  3.56209946e-07],\n",
       "        [ 9.76923415e-07,  3.57465393e-07,  9.26221998e-07,\n",
       "          6.10679758e-07,  1.20280286e-07,  5.17534413e-07,\n",
       "          2.49552894e-07,  9.86560549e-07,  5.73583848e-07,\n",
       "          9.75465775e-07,  6.72004381e-08,  8.22645632e-07,\n",
       "         -6.26133131e-08,  5.07497831e-07,  9.50658266e-07,\n",
       "          4.62324571e-07,  1.57455903e-06,  1.96501992e-07,\n",
       "          6.32252226e-07, -1.91469072e-07,  2.12478059e-06,\n",
       "         -4.79623883e-07,  5.95295356e-07,  2.01110748e-06,\n",
       "          3.20540472e-07,  9.58850802e-07,  1.62817083e-06,\n",
       "          4.06062002e-07,  4.38249555e-07,  4.45785711e-07],\n",
       "        [ 6.90998375e-07,  1.95368270e-07,  4.48132602e-07,\n",
       "         -2.01665261e-06,  5.17815377e-07, -1.45548330e-07,\n",
       "         -1.74517846e-07,  9.23434080e-08, -8.65987001e-08,\n",
       "          1.78843433e-07,  3.59668753e-07, -4.31891580e-07,\n",
       "          5.43198961e-07,  1.17166791e-07, -8.88158905e-08,\n",
       "         -2.73568338e-07, -1.50673636e-06, -2.74527475e-07,\n",
       "          3.47857006e-07,  4.67048041e-07, -4.79623883e-07,\n",
       "          5.44667758e-06,  7.39999863e-08,  5.52696791e-07,\n",
       "          3.39701447e-08,  3.34230673e-07, -1.86093558e-06,\n",
       "          2.34892348e-07,  8.07944058e-07, -2.14053119e-07],\n",
       "        [ 4.25267811e-07,  1.24604289e-07,  5.54248186e-07,\n",
       "          8.58412729e-07,  3.54983075e-07,  2.34425292e-07,\n",
       "          4.13650805e-07,  6.23214190e-07,  3.47105206e-07,\n",
       "          4.74497883e-07,  2.18181697e-07,  7.05642801e-07,\n",
       "          1.12728029e-07,  4.95258829e-07,  6.19482301e-07,\n",
       "          6.48965649e-07,  5.90066285e-07,  3.35939199e-07,\n",
       "          4.19397870e-07,  1.41759757e-07,  5.95295356e-07,\n",
       "          7.39999863e-08,  1.05659763e-06,  9.61817863e-07,\n",
       "          5.62492905e-07,  4.69186874e-07,  9.72629391e-07,\n",
       "          6.25031262e-07,  5.84957712e-07, -1.21752819e-07],\n",
       "        [ 3.03659488e-06,  9.98863867e-07,  1.68466758e-06,\n",
       "          1.07607278e-06, -1.67459272e-07,  8.31743292e-07,\n",
       "          6.21334334e-07,  6.69728112e-07,  6.58778557e-07,\n",
       "          2.04405667e-06,  1.08517699e-06,  1.41150463e-06,\n",
       "          4.23821671e-07,  6.68084617e-07,  1.63218389e-06,\n",
       "          1.25190145e-06,  2.27630783e-06,  5.82578092e-07,\n",
       "          6.78905511e-07,  5.55901885e-07,  2.01110748e-06,\n",
       "          5.52696791e-07,  9.61817863e-07,  3.13150275e-05,\n",
       "          1.22380134e-06,  1.21700540e-06,  1.96404592e-06,\n",
       "          3.43447149e-07, -5.00303570e-07,  7.44433731e-07],\n",
       "        [ 4.23527003e-07,  1.17988933e-07,  3.50991356e-07,\n",
       "          7.71233191e-07,  2.04913298e-07,  2.95027955e-07,\n",
       "          5.38975553e-07,  4.38861336e-07,  8.52539005e-08,\n",
       "          5.25487795e-07, -1.75541998e-07,  4.98148977e-07,\n",
       "         -2.57054850e-07,  3.39931968e-07,  6.13025367e-07,\n",
       "          3.94646719e-07,  2.37925924e-07,  9.79371112e-09,\n",
       "          4.75712204e-07,  3.79229477e-07,  3.20540472e-07,\n",
       "          3.39701447e-08,  5.62492905e-07,  1.22380134e-06,\n",
       "          1.30721598e-06,  4.60596800e-07,  1.37974124e-06,\n",
       "          3.01681313e-07,  3.82795819e-07,  7.84216082e-08],\n",
       "        [ 8.86535513e-07,  2.18380093e-07,  1.18940181e-06,\n",
       "          1.03051830e-06, -9.64671561e-08,  8.59563436e-08,\n",
       "          3.47087313e-07,  8.55093263e-07, -2.14709588e-07,\n",
       "          1.35453264e-06, -7.33793489e-07,  9.94462035e-07,\n",
       "         -3.62693468e-07,  5.64302467e-07,  1.04365052e-06,\n",
       "         -2.88210353e-07,  8.32051259e-07,  1.18954315e-06,\n",
       "          1.11879502e-06,  8.69739930e-07,  9.58850802e-07,\n",
       "          3.34230673e-07,  4.69186874e-07,  1.21700540e-06,\n",
       "          4.60596800e-07,  2.98616013e-06,  5.75943511e-07,\n",
       "          9.06393017e-07,  8.47681205e-07, -1.32002222e-07],\n",
       "        [-1.10160608e-07,  6.67836050e-09,  1.20717259e-06,\n",
       "          1.92453647e-06,  2.98361052e-07,  7.19421655e-07,\n",
       "          6.07546487e-07,  6.43181777e-07,  8.32771585e-07,\n",
       "          1.84716363e-06, -2.12868904e-07,  1.66286630e-06,\n",
       "         -3.13071046e-07,  9.40547846e-07,  1.69352303e-06,\n",
       "          9.35974769e-07,  2.34249925e-06,  6.50307201e-07,\n",
       "          4.49003829e-07, -1.35501582e-07,  1.62817083e-06,\n",
       "         -1.86093558e-06,  9.72629391e-07,  1.96404592e-06,\n",
       "          1.37974124e-06,  5.75943511e-07,  7.11902437e-06,\n",
       "          7.76274725e-07,  8.47673858e-07, -9.29528001e-08],\n",
       "        [-1.69939780e-07, -2.81281200e-08,  5.66381970e-07,\n",
       "          9.65017539e-07,  2.39576588e-07,  6.58856299e-07,\n",
       "          2.51532891e-07,  4.32988667e-07,  1.55207663e-07,\n",
       "          7.07147594e-07,  6.77301104e-07,  8.72616220e-07,\n",
       "          4.23512487e-07,  5.93053069e-07,  9.37379820e-07,\n",
       "          5.57629300e-07,  5.99693631e-07,  8.41289122e-07,\n",
       "          6.55739420e-07,  3.93980624e-07,  4.06062002e-07,\n",
       "          2.34892348e-07,  6.25031262e-07,  3.43447149e-07,\n",
       "          3.01681313e-07,  9.06393017e-07,  7.76274725e-07,\n",
       "          2.17927734e-06,  7.76374652e-07, -2.78636860e-07],\n",
       "        [-1.19417297e-07,  2.88746615e-08,  8.40218038e-07,\n",
       "          3.84631734e-08,  3.58988292e-08,  4.48525402e-07,\n",
       "         -1.49302244e-07,  4.27021132e-07,  3.04731977e-07,\n",
       "          8.80531006e-07, -2.38525729e-07,  6.67702250e-07,\n",
       "         -3.49184208e-07,  2.57740637e-07,  9.45918007e-07,\n",
       "          7.71133299e-07,  5.95015212e-07,  8.76653064e-07,\n",
       "          7.12191504e-07, -3.63604471e-07,  4.38249555e-07,\n",
       "          8.07944058e-07,  5.84957712e-07, -5.00303570e-07,\n",
       "          3.82795819e-07,  8.47681205e-07,  8.47673858e-07,\n",
       "          7.76374652e-07,  2.52994813e-06, -4.52938800e-07],\n",
       "        [ 6.73996760e-07, -3.21268746e-07, -3.16153479e-08,\n",
       "         -1.46602474e-07,  5.99875080e-08,  1.75409828e-07,\n",
       "          6.49935249e-08,  9.13951282e-08, -4.41353900e-07,\n",
       "         -4.97351009e-08,  2.62045324e-07,  2.95448166e-08,\n",
       "          6.18318613e-08,  8.63545482e-09, -4.80414220e-08,\n",
       "          4.50806790e-08,  7.79400195e-07, -2.17016165e-07,\n",
       "          4.61916114e-07,  3.56209946e-07,  4.45785711e-07,\n",
       "         -2.14053119e-07, -1.21752819e-07,  7.44433731e-07,\n",
       "          7.84216082e-08, -1.32002222e-07, -9.29528001e-08,\n",
       "         -2.78636860e-07, -4.52938800e-07,  2.77936557e-06]])"
      ]
     },
     "execution_count": 31,
     "metadata": {},
     "output_type": "execute_result"
    }
   ],
   "source": [
    "np.mat(pm[0][id[5]].as_matrix())"
   ]
  },
  {
   "cell_type": "markdown",
   "metadata": {},
   "source": [
    "## Basic Statistics "
   ]
  },
  {
   "cell_type": "code",
   "execution_count": 32,
   "metadata": {},
   "outputs": [],
   "source": [
    "#Calculate mu and V\n",
    "##### PRECONDITION: sample_frequency*number_of_samples < trade_date  \n",
    "def adapted_stats(Price,trade_date,horizon,sample_frequency,number_of_samples,rate_of_decay):  \n",
    "    h = horizon \n",
    "    P = Price # the Price matrix, each row refer to a date and each column refers to an asset\n",
    "    t_d = trade_date # the date you trade, 0,1,2...\n",
    "    s_f = sample_frequency \n",
    "    n_s = number_of_samples\n",
    "    r_d = rate_of_decay\n",
    "\n",
    "    s_d = t_d-1-np.arange(n_s+1)*s_f # reverse chronological   \n",
    "    s_d = s_d[::-1] # chronological    \n",
    "        # sample dates, a row vector\n",
    "\n",
    "    S_P = P[s_d,:] # Sample Prices, a matrix\n",
    "    S_C_R = np.log(S_P[1:,:]/S_P[:-1,:]) #Sample Compound Returns, a matrix\n",
    "    \n",
    "    # Now it ’s time to construct the weight\n",
    "    w = (1.0-float(r_d))**np.arange(1,n_s+1)\n",
    "    w = w[::-1]\n",
    "    w = w/sum(w)\n",
    "    wt = np.transpose([w])  #weights, a non-negative vector that sums to 1\n",
    "    mean_c_r = S_C_R.T*wt  #mean vector of compound returns\n",
    "    Cov_C_R = (S_C_R.T*np.diag(w)*S_C_R)-mean_c_r*np.transpose([mean_c_r])\n",
    "    # covariance matrix of compound returns\n",
    "\n",
    "    adapted_mean_c_r = mean_c_r*(float(h)/float(s_f))\n",
    "    # adapting mean vector to reflect length of holding period\n",
    "    \n",
    "    Adapted_Cov_C_R = Cov_C_R*(float(h)/float(s_f))\n",
    "    # adapting covariance matrix to length of holding period\n",
    "\n",
    "    muu = np.exp(adapted_mean_c_r + 0.5*np.mat(np.diag(Adapted_Cov_C_R)).T)\n",
    "    mu = muu - 1 # resulting mean vector of ARITHMETIC returns\n",
    "    \n",
    "    V = np.multiply((muu*np.transpose([muu.T])),(np.exp(Adapted_Cov_C_R)-1))\n",
    "    # resulting covariance matrix of ARITHMETIC returns   \n",
    "    \n",
    "    return mu,V"
   ]
  },
  {
   "cell_type": "code",
   "execution_count": 33,
   "metadata": {},
   "outputs": [],
   "source": [
    "# Rebalance the benchmark at the beginning of each holding period to ensure that\n",
    "# the money are equally invested into all assets including risk free asset at the\n",
    "# very start of each period.\n",
    "def rebalance_benchmark_risky(benchmark_x,trans_cost):\n",
    "    n = np.size(benchmark_x)\n",
    "    z = Variable(1)\n",
    "    objective = Maximize(z)\n",
    "    constraints = [n*z <=sum_entries(benchmark_x)-trans_cost*sum_entries(abs(z-benchmark_x))]\n",
    "    prob = Problem(objective, constraints)\n",
    "    result = prob.solve(solver=ECOS)\n",
    "    prob.solve()\n",
    "    return z.value"
   ]
  },
  {
   "cell_type": "markdown",
   "metadata": {},
   "source": [
    "## Benchmark: Markowitz"
   ]
  },
  {
   "cell_type": "code",
   "execution_count": 34,
   "metadata": {},
   "outputs": [],
   "source": [
    "# Calculate the optimal weight x0 for risk free asset and weight vector x\n",
    "# for risky assets under markowitz model\n",
    "def markowitz_risky(mu,V,sigma,xx,trans_cost):\n",
    "    n = len(mu)\n",
    "    U = np.linalg.cholesky(V)\n",
    "    x = Variable(n)\n",
    "    y = Variable(n)\n",
    "    total_trans_cost = Variable(1)\n",
    "    objective = Maximize(mu.T*x)\n",
    "    constraints = [norm(U*x)<=sigma,\n",
    "                   sum_entries(x)==1,\n",
    "                   x==xx+y,\n",
    "                   #trans_cost*sum_entries(abs(y))==total_trans_cost,\n",
    "                   x>=0\n",
    "                   ]\n",
    "    prob = Problem(objective, constraints)\n",
    "    result = prob.solve()\n",
    "    prob.solve()\n",
    "    return x.value"
   ]
  },
  {
   "cell_type": "code",
   "execution_count": 136,
   "metadata": {},
   "outputs": [],
   "source": [
    "#######################\n",
    "### MARKOWITZ.Risky ###\n",
    "#######################\n",
    "def runMarkowitz_risky(printTrue,horizon=5,start=10,number_rebalances=10,\n",
    "                       number_of_samples=5,sample_frequency=1,r_w_f_o_y_e=0.,\n",
    "                       allowable_risk=1,trans_cost=trans_cost,initial_wealth=initial_wealth,\n",
    "                       x0=0.,x=(1.0/n)*e):\n",
    "\n",
    "    rate_of_decay = 0.\n",
    "    benchmark_wealth = initial_wealth\n",
    "    wealth = initial_wealth\n",
    "    portfolio_value = [initial_wealth]\n",
    "    benchmark_value = [initial_wealth]\n",
    "    rebalance_dates = start + horizon*np.arange(number_rebalances)\n",
    "    rf = []\n",
    "\n",
    "    for i in range(len(rebalance_dates)):\n",
    "        trade_date = rebalance_dates[i]\n",
    "\n",
    "        ###### REBALANCE YOUR PORTFOLIO AND PAY TRANSACTION COSTS ######\n",
    "        # It is more natural to rebalance the benchmark portfolio later #\n",
    "\n",
    "        mu,V = adapted_stats(Price,trade_date,horizon,sample_frequency,number_of_samples,rate_of_decay)\n",
    "        mu0 = (1+0.01*risk_free_rate[trade_date-1])**(float(horizon)/255.0)-1\n",
    "        rf.append(mu0)\n",
    "\n",
    "        benchmark_risk = sqrt(quad_form(e,V))/(n)  # there are n+1 financial instruments\n",
    "                                                     # including the bank\n",
    "        sigma = allowable_risk*benchmark_risk\n",
    "\n",
    "        xx0 = 0.\n",
    "        xx = x\n",
    "        #// print \"mu\", mu.T\n",
    "        x =  markowitz_risky(mu,V,sigma,xx,trans_cost)\n",
    "        #// print \"x0:\", x0\n",
    "        #// print \"x:\", x.T\n",
    "        wealth = wealth*(np.sum(x))\n",
    "            # This is the same thing as updating your wealth by subtracting\n",
    "            # all transaction costs from the rebalancing.  Indeed, in rebalancing,\n",
    "            # the proportion of your wealth going to trans costs is 1 - x0 - sum(x).  \n",
    "\n",
    "        total = x0+sum(x)\n",
    "        x0 = x0/total\n",
    "        x = x/total\n",
    "            # Rescaling x0 and x so that the sum is 1 (i.e., proportions of current wealth)\n",
    "\n",
    "        ###### PROCEED TO END OF TIME PERIOD AND ACCOUNT FOR GAINS, LOSSES ######\n",
    "\n",
    "        returns = (Price[trade_date+horizon-1,:]-Price[trade_date-1,:])/Price[trade_date-1,:]\n",
    "            # vector of actual returns for risky assets (this is a row vector)\n",
    "\n",
    "        multiplier = 1+returns*x\n",
    "        if multiplier<0.5:\n",
    "            print multiplier\n",
    "        wealth = multiplier*wealth\n",
    "\n",
    "        #if(wealth<=0):\n",
    "        #    break   # stops the program if bankruptcy occurs\n",
    "                    # Not needed for benchmark portfolio (because it is long only)\n",
    "\n",
    "        x0 = 0.\n",
    "        x = np.multiply(x,np.transpose(1+returns))/multiplier\n",
    "        # these are the proportions of current wealth invested in assets\n",
    "        # Now its time to rebalance the benchmark portfolio and pay transaction costs\n",
    "\n",
    "        benchmark_x0 = (1+mu0)/(n)\n",
    "        benchmark_x = (1+returns)/float(n)\n",
    "\n",
    "        z = rebalance_benchmark_risky(benchmark_x,trans_cost) \n",
    "        benchmark_wealth = benchmark_wealth*(n)*z\n",
    "\n",
    "        portfolio_value.append(wealth)\n",
    "        benchmark_value.append(benchmark_wealth)\n",
    "\n",
    "    markowitz_ret=float(wealth/initial_wealth)**(255.0/(horizon*number_rebalances))-1\n",
    "    benchmark_annual_return = float(benchmark_wealth/initial_wealth)**(255.0/(horizon*number_rebalances))-1\n",
    "    Markowitz_wealth = wealth\n",
    "    markowitz_portfolio_value = portfolio_value\n",
    "    if (printTrue==True):\n",
    "        #print \"your final bank account:\", x0 \n",
    "        #print \"your final risky portfolio:\", x \n",
    "        print \"your final wealth:\", wealth \n",
    "        print \"benchmark final wealth:\", benchmark_wealth \n",
    "        print \"your annualized rate of return:\", markowitz_ret\n",
    "        print \"benchmark annualized rate of return:\", benchmark_annual_return\n",
    "        plt.figure(1)\n",
    "        plt.title(\"Markowitz Accumulated Wealth\")\n",
    "        plt.plot(range(len(benchmark_value)),benchmark_value,'b',label=\"benchmark\")\n",
    "        plt.plot(range(len(portfolio_value)),portfolio_value,'r',label=\"Markowitz\")\n",
    "        plt.legend()\n",
    "        plt.show()\n",
    "    return markowitz_portfolio_value,markowitz_ret,Markowitz_wealth"
   ]
  },
  {
   "cell_type": "markdown",
   "metadata": {},
   "source": [
    "## PGP"
   ]
  },
  {
   "cell_type": "code",
   "execution_count": 36,
   "metadata": {},
   "outputs": [],
   "source": [
    "def Rmax(R):\n",
    "    n = len(R)\n",
    "    x = Variable(n)\n",
    "    objective = Maximize(R.T*x)\n",
    "    constraints = [sum_entries(x)==1,\n",
    "                   x>=0\n",
    "                   ]\n",
    "    prob = Problem(objective, constraints)\n",
    "    result = prob.solve()\n",
    "    return result"
   ]
  },
  {
   "cell_type": "code",
   "execution_count": 37,
   "metadata": {},
   "outputs": [],
   "source": [
    "def Vmin(V):\n",
    "    n = len(V)\n",
    "    U = np.linalg.cholesky(V) \n",
    "    x = Variable(n)\n",
    "    \n",
    "    objective = Minimize(norm(U*x))\n",
    "    constraints = [sum_entries(x)==1,\n",
    "                   x>=0\n",
    "                   ]\n",
    "    prob = Problem(objective, constraints)\n",
    "    result = prob.solve()\n",
    "    return result"
   ]
  },
  {
   "cell_type": "code",
   "execution_count": 38,
   "metadata": {},
   "outputs": [
    {
     "data": {
      "text/plain": [
       "matrix([[1, 4]])"
      ]
     },
     "execution_count": 38,
     "metadata": {},
     "output_type": "execute_result"
    }
   ],
   "source": [
    "a=[[1,2],[3,4]]\n",
    "np.mat(np.diag(a))"
   ]
  },
  {
   "cell_type": "code",
   "execution_count": 39,
   "metadata": {},
   "outputs": [],
   "source": [
    "#REFERENCE: https://docs.scipy.org/doc/scipy-0.16.0/reference/generated/scipy.optimize.minimize.html\n",
    "#Rhttps://stackoverflow.com/questions/18767657/how-do-i-use-a-minimization-function-in-scipy-with-constraints\n",
    "import scipy\n",
    "from scipy.optimize import minimize\n",
    "def Scurrent(x,S):\n",
    "    x2 = np.multiply(np.mat(x),np.mat(x))\n",
    "    Xm1 = x2.T*np.mat(x)\n",
    "    Xm2 = np.mat(x).T*x2\n",
    "    x3 = np.multiply(np.multiply(np.mat(x),np.mat(x)),np.mat(x))\n",
    "    s = np.mat(S.diagonal())\n",
    "    #s3 = np.multiply(np.multiply(s,s),s)\n",
    "\n",
    "    left = float(x3*s.T)\n",
    "    mid1 = np.sum(np.multiply(Xm1,S))\n",
    "    mid2 = np.sum(np.multiply(Xm2,S.T))\n",
    "    res = -5*left+3*mid1+3*mid2\n",
    "    return res\n"
   ]
  },
  {
   "cell_type": "code",
   "execution_count": 40,
   "metadata": {},
   "outputs": [],
   "source": [
    "def Kcurrent(x,K1,K2):\n",
    "    x2 = np.multiply(np.mat(x),np.mat(x))\n",
    "    x3 = np.multiply(np.multiply(np.mat(x),np.mat(x)),np.mat(x))\n",
    "    x4 = np.multiply(np.mat(x2),np.mat(x2))    \n",
    "    Xm1 = x3.T*np.mat(x)\n",
    "    Xm2 = np.mat(x).T*x3    \n",
    "    Xr = x2.T*x2\n",
    "\n",
    "    k = np.mat(K1.diagonal())\n",
    "    #k4 = np.multiply(np.multiply(np.multiply(k,k),k),k)\n",
    "\n",
    "    left = float(x4*k.T)\n",
    "    mid1 = np.sum(np.multiply(Xm1,K1))\n",
    "    mid2 = np.sum(np.multiply(Xm2,K1.T))\n",
    "    right = np.sum(np.multiply(Xr,K2))\n",
    "    res = -13*left+4*mid1+4*mid2+6*right\n",
    "    return res\n"
   ]
  },
  {
   "cell_type": "code",
   "execution_count": 41,
   "metadata": {},
   "outputs": [],
   "source": [
    "def EntropyCurrent(x):\n",
    "    return 1-np.sum(x**2)"
   ]
  },
  {
   "cell_type": "code",
   "execution_count": 214,
   "metadata": {},
   "outputs": [],
   "source": [
    "def PGP(R,V,S,K1,K2,xx,trans_cost,lambda1 = 2.,lambda2 = 2.,lambda3 = 2.,lambda4 = 2.,lambda5=2.0):\n",
    "#     lambda1 = 2.\n",
    "#     lambda2 = 2.\n",
    "#     lambda3 = 2.\n",
    "#     lambda4 = 2.\n",
    "    xx = xx\n",
    "    n = len(V)\n",
    "    #print xx\n",
    "    def Smax(S,xx):\n",
    "        def Smaxob(x):\n",
    "            Max = -Scurrent(x,S)\n",
    "            return Max\n",
    "        def con(x):\n",
    "            return np.sum(x)-1\n",
    "        n = len(S)\n",
    "        bnds = tuple((0,1) for i in range(n))\n",
    "        cons = {'type':'eq','fun':con}\n",
    "        result = minimize(Smaxob, xx, bounds=bnds, constraints=cons).fun\n",
    "        return -result\n",
    "    #print xx\n",
    "    #print Smax(S,xx)\n",
    "    Sm = Smax(S,xx)\n",
    "    \n",
    "    \n",
    "    \n",
    "    \n",
    "    def Kmin(K1,K2,xx):\n",
    "        def Kminob(x):\n",
    "            Min = Kcurrent(x,K1,K2)\n",
    "            return Min\n",
    "\n",
    "        def con(x):\n",
    "            return np.sum(x)-1\n",
    "        n = len(K1)\n",
    "        bnds = tuple((0,1) for i in range(n))\n",
    "        cons = {'type':'eq','fun':con}\n",
    "        result = minimize(Kminob, xx, bounds=bnds, constraints=cons).fun\n",
    "        return result\n",
    "    #print xx\n",
    "    #print Kmin(K1,K2,xx)\n",
    "    Km = Kmin(K1,K2,xx)\n",
    "    \n",
    "    def Emax(xx):\n",
    "        def Emaxob(x):\n",
    "            Max = -EntropyCurrent(x)\n",
    "            return Max\n",
    "        def con(x):\n",
    "            return np.sum(x)-1\n",
    "        n = len(S)\n",
    "        bnds = tuple((0,1) for i in range(n))\n",
    "        cons = {'type':'eq','fun':con}\n",
    "        result = minimize(Emaxob, xx, bounds=bnds, constraints=cons).fun\n",
    "        return -result\n",
    "    #print xx\n",
    "    #print Smax(S,xx)\n",
    "    Em = Emax(xx)\n",
    "    \n",
    "    \n",
    "    \n",
    "    def PGPob(x):\n",
    "        Rstar = Rmax(R)\n",
    "        Vstar = Vmin(V)\n",
    "        Sstar = Sm\n",
    "        Kstar = Km\n",
    "        Estar = Em\n",
    "\n",
    "        Rcurrent = float(np.dot(x,R))\n",
    "        Vcurrent = float(np.dot(np.dot(np.mat(x),V),np.mat(x).T))\n",
    "\n",
    "        d1 = Rstar-Rcurrent\n",
    "        d2 = Vcurrent-Vstar\n",
    "        d3 = Sstar-Scurrent(x,S)\n",
    "        d4 = Kcurrent(x,K1,K2)-Kstar\n",
    "        d5 = Estar-EntropyCurrent(x)\n",
    "\n",
    "        Min = ((np.abs(1+d1/Rstar))**lambda1\n",
    "               +(np.abs(1+d2/Vstar))**lambda2\n",
    "               +(np.abs(1+d3/Sstar))**lambda3\n",
    "               +(np.abs(1+d4/Kstar))**lambda4\n",
    "               + (np.abs(1+d5/Estar))**lambda5)\n",
    "        return Min\n",
    "\n",
    "    def con(x):\n",
    "        return np.sum(x)+np.sum(np.abs(x-xx))*trans_cost-1.\n",
    "    \n",
    "    bnds = tuple((0,1) for i in range(n))\n",
